kettle:113.10000000000001:100
pup:113.10000000000001:100
bar:112.10000000000001:
